5.746629771522633323e-01 3.613955749592872468e+00
-2.021901669674551205e-01 2.905286434570945708e+00
-7.054278809638010461e-01 3.517317973503010453e+00
-4.081613243928421952e-01 3.868562331865613935e+00
3.606322824885782596e-01 4.999496237796194897e+00
6.065927664460274427e-01 4.191925378417119319e+00
2.063467571585611560e-01 3.542347694318849438e+00
5.193960371995046676e-01 3.218288233436333634e+00
7.078541871186344462e-04 3.140759616397474918e+00
-1.406239171001109067e-01 4.616528048648103066e+00
5.833277077671775723e-01 2.896946118645332024e+00
7.641774303359445408e-01 3.737424660306098989e+00
-4.490044094134620356e-01 5.056727249002543445e+00
-1.076694140345117567e+00 3.077418983572766997e+00
-8.452358196355638231e-01 3.836531470784535269e+00
-1.898822775563526466e-01 3.689060957382592765e+00
7.012801540715621895e-01 4.440413064702283030e+00
-2.371965232876787621e-01 3.587696977567436107e+00
-8.733079259676745920e-01 4.128644545581845904e+00
9.121047554175315542e-01 3.487885087945556517e+00
7.677967498729112439e-01 4.802268801084915495e+00
2.248730255511499909e-01 3.264106456819520385e+00
1.000443038577654598e+00 4.885661520936084301e+00
7.724279555617440118e-02 5.041602243268866523e+00
-9.756890432817729719e-01 4.589883752207081891e+00
2.756248009936739796e-01 3.245166331020060468e+00
-1.484843369456491924e-01 4.202431199605546119e+00
-1.549651925632470062e-01 3.423928079682314163e+00
5.477917469877309209e-01 4.344805684604257756e+00
-1.491860545495979906e-01 3.726687371298042617e+00
7.286654166511237207e-01 3.134090900703085047e+00
-6.456336437510530324e-01 4.158178160546596835e+00
-4.276958319159178123e-01 4.233324468053804246e+00
5.092639224528270336e-01 4.291385216437451078e+00
-3.883568785569805892e-01 3.934834713128721351e+00
-2.126607421011220134e-01 2.899189130160528372e+00
8.561496731901172552e-01 5.222641203062026172e+00
-4.572267780559340355e-01 3.520375008542550255e+00
2.848778603598501637e-03 2.733635202943033971e+00
-1.357679624541895114e-01 4.857645602003212382e+00
2.938952948839701138e-02 4.019668964552530532e+00
1.168157192150802298e-01 4.421331731283087763e+00
2.364147709188469670e-01 4.365722359407164355e+00
5.830938749916784181e-01 4.417559338534476687e+00
3.520100731344698031e-01 3.885435857075314026e+00
-4.188183025182801167e-01 4.490939892197965300e+00
-9.209769022748565126e-01 3.923406492730338702e+00
1.281497500100337895e-02 2.840337719272667094e+00
-1.378717282926140930e+00 4.405473795423095140e+00
9.485771997285463719e-01 3.533640170267063674e+00
-5.716423154693054398e-01 3.197065494534220065e+00
8.959506516215602623e-02 2.937136049353830991e+00
6.453357892205349167e-01 3.363740943717919762e+00
-8.061269047457659820e-01 4.148799616885486152e+00
-1.008875916525975081e+00 3.632936693957500296e+00
-1.234624213888595168e-01 3.061287235744482693e+00
-7.069713545174369784e-01 3.877052370655689195e+00
-2.535585716762116526e-01 4.890905355076042405e+00
-6.660525702884519950e-01 4.663705400140677249e+00
-3.277113856511252310e-01 3.869274229886651817e+00
-7.086818561752120660e-01 4.405966493836767306e+00
-8.252472377772160916e-01 3.511151623871938465e+00
5.952560277484972850e-01 2.785707010504812065e+00
-2.021512710268520419e-01 2.997064813101831593e+00
1.593678674171648268e-01 4.413821088746770371e+00
-3.474007142018040728e-01 4.444334183950634731e+00
1.935876188137594656e-02 3.351568206375967751e+00
-4.744887038246320410e-02 3.526369826439605948e+00
-7.794668803100919530e-02 3.511102635785719794e+00
2.262718338860443823e-01 4.985055682542167688e+00
4.619394663408890600e-01 3.184986895651653604e+00
-6.259035355801949585e-01 3.081559960856156355e+00
-4.583935119928598811e-01 4.716874285872756367e+00
-4.067740968037448224e-01 3.981449214856869201e+00
1.137341159776349864e+00 4.091214263449411526e+00
-1.067786362520763976e+00 3.603947597882255049e+00
-8.916931636535867511e-01 3.974750036642540341e+00
1.437442531135953994e+00 3.860230721470970572e+00
-1.157678740850123678e+00 3.149258599605384568e+00
1.989123992675194963e-01 5.163293080921480538e+00
-4.359523150448027518e-01 4.693311873222996589e+00
3.379958460083186123e-01 4.306183165024810577e+00
-5.163333106452513421e-01 3.323669945758267019e+00
1.284643640992514935e-01 3.744125638240948906e+00
4.124135162309615077e-01 4.371699281406428383e+00
5.453874728809057215e-01 4.207694370675179485e+00
-2.050560463722659599e-01 2.566875444075026991e+00
3.141930975098319867e-01 4.445032117745607358e+00
3.848815905594183961e-01 4.188917878016626517e+00
-3.048110534657220150e-01 3.487308071056721914e+00
8.876474208536428989e-01 4.987458226972163899e+00
-6.470172389151028769e-01 3.471017816098347364e+00
4.051151728579400757e-01 3.089371645921012988e+00
8.026272681349034821e-01 3.010004315576607414e+00
1.193486274641409661e+00 3.614164597307451654e+00
4.807937074747103967e-01 5.347628683928517646e+00
1.003292030998909734e+00 4.382421025696054073e+00
1.034714758431399817e+00 4.151696346916797786e+00
8.380253793991384592e-01 5.146883662302804474e+00
6.357335979673532644e-02 4.059139809480343253e+00
1.042686281779390711e+00 3.613358212986480744e+00
4.016950394084782827e-01 2.691026053877981106e+00
1.142349695742886917e+00 3.479724469012087429e+00
-9.217768845011202472e-02 3.013041594206521623e+00
-5.952637354190321028e-01 4.451113095793707508e+00
5.274360823701514933e-01 4.209709327519947308e+00
1.404988477293535487e+00 4.008548601478351792e+00
-2.968291394313820053e-01 2.997880463673911144e+00
5.889215368233342573e-01 4.431572960583076259e+00
-5.614981924000922442e-01 3.443553423843825012e+00
1.104095120469501534e+00 3.525533795893568190e+00
4.657707544304427461e-01 2.704595104504443626e+00
7.111142832560680971e-02 2.970297078657696765e+00
9.215874652048517968e-01 3.779998325860023378e+00
1.496493523406616788e+00 3.898700170460655645e+00
2.529233838543676338e-01 3.256459865464100822e+00
-9.669611057813549682e-01 3.578064743831507855e+00
1.383693088186973341e+00 3.562971575545527347e+00
3.916842806557006007e-01 5.035705039209426026e+00
1.214480057215237219e+00 4.452226167690796821e+00
4.921881287548913742e-01 3.973017166398946642e+00
-6.190159386472051661e-01 3.122865168010403369e+00
-1.781653648283900715e-01 4.638006504028295396e+00
-8.836546510584731839e-01 4.989986110018794108e+00
1.168230564611640876e+00 4.510785045254377401e+00
-3.663665550453551467e-01 3.785413255548339073e+00
7.400275497454872342e-01 2.696479838724776812e+00
-1.455147841474229431e-01 3.462939530216710082e+00
-5.886021315041738422e-01 3.289099882656953966e+00
1.285505003821993675e-01 5.207428783448733611e+00
-3.780055695527316240e-01 4.872322088305370613e+00
-7.495179153900437541e-01 4.298527996822399722e+00
8.339938594757662083e-01 4.358604508227806207e+00
-6.402924420218691903e-01 3.915224640085856134e+00
-4.948835512570280010e-02 4.281572409067907259e+00
-1.367303460468511644e-01 3.862701350992358229e+00
1.469683164081785565e+00 4.104878255052278213e+00
-4.556214532607510415e-01 4.609958746081410652e+00
-4.281121811145293665e-01 3.705705467574605727e+00
-8.820974029999198995e-01 4.713025427539524692e+00
-4.772640169156837087e-01 3.390502700355592758e+00
1.487665242832146406e+00 4.176447595825846903e+00
1.167480393054325605e+00 4.267671291155105351e+00
-1.175228851995707924e+00 4.026855326814223979e+00
3.110654557206612991e-01 4.943555316030362690e+00
4.653053352468871640e-01 5.151728606991479609e+00
-4.682722362465016053e-01 4.797971538444123496e+00
4.037010459589969735e-01 2.940608860700142380e+00
-5.227316321831748658e-02 5.184217637624898956e+00
-4.865592668800632348e-01 3.014177001122651411e+00
-2.424844769979722370e-01 3.081705792993538751e+00
9.496951442336222238e-01 3.939189094104968536e+00
-4.841333261985244357e-02 2.501396092181126463e+00
-6.100563544867318999e-01 4.554252013982030611e+00
-2.876907028883045614e-01 3.947649380168309907e+00
-1.427333428947362703e-01 4.232103809021536378e+00
-1.286711210047800202e+00 4.396545663596121756e+00
1.231667130028092805e+00 4.194217522778191487e+00
-4.400792447524959905e-01 4.918797445170097760e+00
2.389413919000326347e-01 3.941876286708013488e+00
-1.074796553200997762e+00 3.761692372208832236e+00
-3.107448708751000543e-01 3.086631734610870481e+00
1.901120392315302776e-01 3.597811306744893578e+00
1.411328977546656871e+00 3.852827983983048377e+00
7.294134771860109889e-02 4.780819953002983347e+00
-3.459707268965490079e-01 4.279166029355514489e+00
-1.016658271041343209e+00 3.503921953528309263e+00
-1.281717447784618491e+00 3.771264695270228451e+00
2.477314697134468946e-01 5.010281727719088529e+00
5.038545687071686041e-01 3.053439658122063527e+00
-3.052846733001400858e-01 3.282400129067735151e+00
1.180438141055052625e+00 3.911040577484687031e+00
-1.751466297511675430e-01 2.653418390087731726e+00
-4.089317444324262474e-01 3.482581488735616126e+00
-8.763624101592867310e-01 3.578424671976851101e+00
-1.734460092240221740e-01 4.414722846503011944e+00
8.542333466796002417e-02 4.126307429418068828e+00
-8.147312225176801537e-01 4.513050838337891335e+00
5.662557631824007010e-02 4.480161868041819595e+00
-6.050847486406396580e-01 3.067281309232190001e+00
2.050495941015187396e-01 3.451661837840968694e+00
9.280693317931738573e-01 3.689507121997995576e+00
-8.547590240420565033e-01 4.060448523034322577e+00
9.412465728801667764e-01 4.022263141790076268e+00
2.358945319111123429e-01 2.972490644556534001e+00
-5.105673475946354012e-01 4.327166409070967390e+00
1.090689633648922463e+00 3.444838358422650515e+00
-3.092694790974748198e-01 4.543817048742547549e+00
-7.803999004567963027e-01 4.983089619838781736e+00
-1.889135829336952010e-01 3.727280395460818241e+00
-1.239000882350870691e+00 4.653091666665751802e+00
2.172039441819964556e-01 4.585367273568186519e+00
7.182435610391937342e-01 2.928137223267682998e+00
-6.600162548582139133e-01 5.056638226119231305e+00
-6.926795343251820891e-02 2.693408498533228279e+00
5.597404985610107131e-01 3.946231334358964560e+00
-3.378116667010340191e-01 3.137422180906505265e+00
8.450137001023810823e-01 2.920760847584010556e+00
3.916479088083010263e-01 3.933360645030775871e+00
4.213155704445077365e-01 3.793992955627413455e+00
-1.105547112878568106e+00 4.919495679230757368e+00
-9.910328034644702577e-02 3.689243050069776597e+00
1.484918788313633053e-01 4.244599474412925844e+00
-1.430302943095554724e+00 3.773415095580315182e+00
-8.647120763294798840e-01 3.184443350818367158e+00
3.423824137518989563e-02 4.603409884818373321e+00
-4.162307314172570272e-01 3.351559666388272074e+00
-6.017000212316666596e-01 5.115510641664859470e+00
5.663037665808962062e-01 4.136419740414669199e+00
-4.960649753572154985e-01 2.927563116614448013e+00
6.246821965542737054e-02 3.953321307062237722e+00
-2.708330528256434055e-01 3.727647488590277725e+00
1.301029650296067874e+00 3.555931872586271414e+00
-1.711419496459931355e-01 3.982054013530647918e+00
1.556134415725597409e-01 4.650482352652765883e+00
7.168761459509487288e-01 2.964241037252238975e+00
1.079973755910303979e+00 3.570055850793786067e+00
-5.166282603005769442e-02 4.521717973199388396e+00
1.448113082911171245e+00 3.671845837630934195e+00
3.626652163256176564e-01 3.160478349828200528e+00
-5.416578760522550162e-01 2.617249465778912487e+00
1.075218524276425835e+00 3.953665275554034242e+00
-2.319168230391805974e-01 4.304236695977265548e+00
1.667617796301474331e-01 4.825190703538954295e+00
3.715730004156729271e-01 4.577700514671259491e+00
9.618211702166247434e+00 6.639036451646406434e+00
1.068530132888117734e+01 8.039445825715000993e+00
9.168987610191866366e+00 8.906771040003160778e+00
1.117752270754578880e+01 8.722404096284613217e+00
9.411016120048095956e+00 8.636221477955031034e+00
9.558715458622970118e+00 7.936664033198281842e+00
9.658563871392706446e+00 7.914768354053907551e+00
1.066365750448133554e+01 7.859889888355730214e+00
9.770654007085880721e+00 8.874755650953201069e+00
1.051668079337590989e+01 7.836308495541634223e+00
9.775313357882467358e+00 7.958796725615638223e+00
1.062516714973845566e+01 8.364457248870555972e+00
1.008442016886030856e+01 7.722215996041051689e+00
1.036147213304390569e+01 8.677537387912662936e+00
1.116660218206279431e+01 7.590586270494999788e+00
1.133788929819543156e+01 7.890445744642951453e+00
1.036321987527319166e+01 6.573593511975445836e+00
1.013053276065333108e+01 7.742269867898374791e+00
9.971220815562928053e+00 8.167897811963126031e+00
9.969628933236187152e+00 6.659910521343846312e+00
1.009573008999271160e+01 7.604366301463536537e+00
8.869524892580159303e+00 8.597840378902084524e+00
1.144267590961903558e+01 7.735493899041088639e+00
1.070112271325204212e+01 8.190621529009682433e+00
9.390290050594421345e+00 7.799451227096136918e+00
1.061501373228758105e+01 7.534139181036565880e+00
1.083961135590809732e+01 8.102704499745602362e+00
1.128274198563162578e+01 7.371303846979339269e+00
9.883877913446509567e+00 7.104988839816204660e+00
9.886680757813271825e+00 8.505728796301278649e+00
1.068180870106343683e+01 8.899540189032480342e+00
9.368795344010402815e+00 8.689101431403766895e+00
9.141517829665055217e+00 8.836589949544942257e+00
1.013936086769944822e+01 7.194449177653305050e+00
9.504977725955052748e+00 9.075492541538068281e+00
1.056959853099705882e+01 8.326148606275683761e+00
9.651157307674834485e+00 6.896792333392060215e+00
9.825722902711719442e+00 6.668516965478001879e+00
9.382553146722925064e+00 8.678815905286374033e+00
9.081434076127079535e+00 7.152489510134685702e+00
1.017041592955305873e+01 8.442566484812980221e+00
9.723512531050394259e+00 7.146948477429535096e+00
1.072968214538778575e+01 8.288490708775498206e+00
1.028197403434161927e+01 7.316344430061669790e+00
1.012243740598385955e+01 8.714420410907044001e+00
1.053352171138697457e+01 7.434074552959798687e+00
9.547782757848340296e+00 8.283828966680376382e+00
1.137069337918021539e+01 8.479946066544748362e+00
9.546486323959753051e+00 8.196407955571515913e+00
1.049893045352373377e+01 8.934936182372567259e+00
1.126675952707057426e+01 7.698709607207915084e+00
8.982161259785202745e+00 8.783725233232717144e+00
1.131056362448031472e+01 7.699806925291697191e+00
1.028454322926038067e+01 7.496146832992360842e+00
1.060510224533919832e+01 7.303645838771421595e+00
1.066786884130462809e+01 8.730497939973760779e+00
8.960970348873262381e+00 8.599056994376278240e+00
9.421608333144259717e+00 7.917260470904208702e+00
1.025399084071593059e+01 7.541474717866775812e+00
9.654451433312614128e+00 7.429253314612542347e+00
1.103391778120829336e+01 8.526852384576338650e+00
9.334906210155661910e+00 7.811669575205023364e+00
9.348538226973973408e+00 9.175197600619096505e+00
9.018814505435306828e+00 7.477540906647992536e+00
1.086578956052073863e+01 7.923771976471400968e+00
1.003009746676345770e+01 6.765715537051127271e+00
9.538119346867809156e+00 8.298313581814939610e+00
1.102107367255045212e+01 7.168516560553011452e+00
1.094538670383603574e+01 8.047103669762863731e+00
9.346742142784737695e+00 8.393376034004749187e+00
8.884322322567339114e+00 7.806955471754735143e+00
1.033208842345732670e+01 8.377497912005814840e+00
9.688239811884542974e+00 7.412154624698306549e+00
9.449650460663940876e+00 6.983758804613742655e+00
9.491627118007935238e+00 9.010695352950655490e+00
9.543060890489922343e+00 7.733440575170222431e+00
9.079724497365509350e+00 7.582122222030314163e+00
1.054681106011657121e+01 8.426957431919635866e+00
1.060711537395281923e+01 7.238136117398507707e+00
8.926886825552301730e+00 7.812623867745458028e+00
9.303532708451623279e+00 7.843979059592818714e+00
1.048312532863014468e+01 8.608460983748448925e+00
9.569296066212302776e+00 8.616456051807244165e+00
1.016579852696971464e+01 8.856520925201929018e+00
9.100730344823727336e+00 6.967083214207802300e+00
9.437143806469032725e+00 9.073428719304921231e+00
8.700224617800817128e+00 7.727527113995186880e+00
1.896493821827747084e+01 1.271108070115248978e+01
1.890532067964244334e+01 1.319410226605642578e+01
1.862598906273078114e+01 1.308199451101511990e+01
1.997716965802974443e+01 1.345969301113308525e+01
1.857355484021161729e+01 1.399041195625102674e+01
1.762562533377774798e+01 1.369882505885674284e+01
1.860885963827635337e+01 1.468892931337118668e+01
1.885198969638959454e+01 1.353346395484040876e+01
1.982118957526514436e+01 1.393417138000847721e+01
2.025369870949856832e+01 1.324410301610157781e+01
1.853518603752312188e+01 1.532213580942720554e+01
1.885330290761074323e+01 1.448917688631920520e+01
1.889177548435793952e+01 1.282487059346663116e+01
1.930053628452898806e+01 1.461572566271486195e+01
1.815119007955708952e+01 1.441606791641435770e+01
1.988797804577946593e+01 1.466290000228593016e+01
1.993664393901552856e+01 1.296355331282257595e+01
1.875448870841747251e+01 1.313039020719875083e+01
1.797330760682674011e+01 1.411099776320130417e+01
1.950707521300006775e+01 1.431650034228465529e+01
1.989293547140507101e+01 1.318888967537221468e+01
1.918967144942488545e+01 1.349903114907812807e+01
1.914790761789290485e+01 1.299392410682228594e+01
1.960236011279310731e+01 1.394348849377800192e+01
1.834745382713105855e+01 1.434693112845646823e+01
2.031397357056186692e+01 1.336521308085568549e+01
1.936660615112464967e+01 1.433041112989213950e+01
1.898495240183428123e+01 1.303471577124310166e+01
1.841826213998104933e+01 1.369403482424078078e+01
1.854872916910673908e+01 1.443321639559022351e+01
1.928914181948084305e+01 1.510816687407459646e+01
1.946016962379061610e+01 1.336243178810438081e+01
1.786572865870112992e+01 1.338585153292482843e+01
1.831664100002834061e+01 1.288360484551094487e+01
1.849861750235301372e+01 1.336276326472876441e+01
1.819908221225985656e+01 1.368141706080206887e+01
1.961527368837198537e+01 1.431784527308473720e+01
1.891536768811432268e+01 1.378390587188355099e+01
1.856267058305947160e+01 1.356304599566173330e+01
1.864568569587654423e+01 1.458942699822159028e+01
1.973739857282521015e+01 1.345844163876558497e+01
1.969969080957593377e+01 1.303474342826381616e+01
1.956447751531502277e+01 1.363886741798513924e+01
1.981572273964768627e+01 1.415076980572692023e+01
1.832933410574216282e+01 1.520426597986391926e+01
1.913402945321523774e+01 1.534739326181898456e+01
1.920659337014923196e+01 1.405419517461280954e+01
1.867217576268760126e+01 1.476988603177589354e+01
1.899479911972947832e+01 1.361834844571143321e+01
1.795383578033321825e+01 1.369976595106774298e+01
1.956572358481444240e+01 1.427078192990130034e+01
1.909003764348734222e+01 1.286653134382964225e+01
1.963611212366123127e+01 1.462731757022067036e+01
1.911974251488170395e+01 1.466334829697051489e+01
1.795433044364223463e+01 1.296036228751667174e+01
1.995131453705384672e+01 1.310344122645593501e+01
1.856847062975596430e+01 1.410328023804385111e+01
1.906145197574307915e+01 1.549254218988831333e+01
1.778699579257395413e+01 1.360457637433455425e+01
1.918054871289487906e+01 1.336297242878442049e+01
1.953659743027099438e+01 1.366719218726852780e+01
1.828671201113757050e+01 1.391510633242076800e+01
1.860894226752238367e+01 1.350252790719792095e+01
1.825405302828052001e+01 1.338920626850260831e+01
1.956274260196545356e+01 1.333871960279812541e+01
1.873226929349756276e+01 1.388577509391269516e+01
1.799524150711044257e+01 1.446203613574764546e+01
1.978312691478403806e+01 1.335415017877022770e+01
1.928887970339409463e+01 1.358860725933029379e+01
2.023484240214773777e+01 1.324346557505648825e+01
1.900082572216201626e+01 1.257780586763780484e+01
1.823125226447297820e+01 1.356806558617456560e+01
1.904200372484348591e+01 1.420386118692185917e+01
1.915648734152386368e+01 1.323616411453350672e+01
1.828791881689845411e+01 1.380565977507764153e+01
2.023135675650350151e+01 1.346395055383388772e+01
1.862198273944969173e+01 1.325364456693770698e+01
1.906073369548628804e+01 1.384105429556618638e+01
1.846688521645923586e+01 1.394101775475184013e+01
1.963793276817908762e+01 1.419105894558770409e+01
1.780824524815011856e+01 1.345116960546762108e+01
1.764466330501430846e+01 1.351983003834982533e+01
1.926692376093978254e+01 1.456464913738459721e+01
1.871752955716224420e+01 1.395144955316045632e+01
1.971154913248894047e+01 1.422429508172033863e+01
1.900916747787354311e+01 1.439159005113002188e+01
1.988134843168168331e+01 1.417470448841204878e+01
1.928281535072483877e+01 1.455180503821023663e+01
1.868424760774857774e+01 1.408599323942548764e+01
1.876272198726201168e+01 1.493737847803802055e+01
2.023755953211619385e+01 1.424490029703749983e+01
1.979403340267773714e+01 1.303628182676623659e+01
1.946371727946890573e+01 1.401974831243152408e+01
1.888002064801311519e+01 1.488835613891381549e+01
1.856035782118957300e+01 1.403001122775639509e+01
1.957471193672547116e+01 1.444493934682856562e+01
1.942709306428388061e+01 1.303381581275227497e+01
1.774632495692455691e+01 1.445999887033302045e+01
1.897069185194866847e+01 1.320561703808412624e+01
1.832712007721844216e+01 1.530563117283004537e+01
1.940732369732155149e+01 1.450125148280928045e+01
1.829132553092290792e+01 1.323158994935395327e+01
1.952354981553798652e+01 1.403072437963241015e+01
1.792439312648512839e+01 1.463299324794952128e+01
1.866586658134017185e+01 1.294240431945773473e+01
1.974660224821940702e+01 1.304156439567986681e+01
1.887822873433032456e+01 1.348736744362381224e+01
1.833837173277736099e+01 1.324699462774004211e+01
1.855657092481740378e+01 1.441242702770642303e+01
1.812822107437883901e+01 1.344689273221310799e+01
1.804702823562070080e+01 1.465631972690866469e+01
1.926530758656049258e+01 1.380628606792237711e+01
1.816225659450823926e+01 1.417969033299336701e+01
1.953749310268931794e+01 1.401084772105009257e+01
1.836201316289626817e+01 1.500766804431149026e+01
1.889619063840478219e+01 1.424015151275525959e+01
1.961400998934656315e+01 1.376974387825157109e+01
1.911734173586917862e+01 1.383560421723532130e+01
1.991234935272578710e+01 1.380832380490084255e+01
1.900497010985911217e+01 1.269020405243423966e+01
1.842505488364435706e+01 1.347414611694263087e+01
1.908700704962294026e+01 1.529126093832033817e+01
1.891196730618113264e+01 1.316780779799819889e+01
1.896724054199065534e+01 1.504070291215028554e+01
1.881255600194000266e+01 1.432203269277147406e+01
1.919522869992193037e+01 1.526862699582681415e+01
1.932207833421380627e+01 1.402800614204837792e+01
1.779672411595714010e+01 1.331696640970661960e+01
1.832873437512899528e+01 1.379160915782690289e+01
1.938110472765718839e+01 1.396905778153165834e+01
1.908078723604593563e+01 1.333067311500851027e+01
1.881305480454131640e+01 1.428175447674249021e+01
1.794717073421147902e+01 1.473858328591552969e+01
1.883246581438533696e+01 1.419251577466630820e+01
1.959863585138979047e+01 1.451045320055399301e+01
1.829501086206551008e+01 1.310732148653523410e+01
1.896273537851512359e+01 1.449965290205384427e+01
1.828179913155458181e+01 1.470387873137135948e+01
1.992510840720318299e+01 1.425785138567271559e+01
1.803846957696644893e+01 1.422121467883234658e+01
1.945600395543304728e+01 1.346587814301289932e+01
1.892950106360167695e+01 1.332367058916085689e+01
1.752756613049695744e+01 1.391857069950676973e+01
2.007926933025278515e+01 1.345935549777730245e+01
4.747620248570136425e+00 1.569741943853728650e+01
5.411905930554414823e+00 1.509269525494712560e+01
5.961515133627091956e+00 1.490378955416710127e+01
5.173350568068082467e+00 1.698329733578851730e+01
5.342740596476993176e+00 1.595243407850476203e+01
4.881700645206889178e+00 1.569811688113225756e+01
5.579850932334847080e+00 1.579914187076008147e+01
5.572848769297202409e+00 1.463075289861111017e+01
5.484220009213228941e+00 1.538987775620937803e+01
5.440174407147034152e+00 1.598921381705819122e+01
5.710336923839594903e+00 1.679025301234986145e+01
5.449833253409680722e+00 1.616829861495966014e+01
6.053268116645421415e+00 1.659256155381735809e+01
6.294710455031982121e+00 1.573406306459565052e+01
6.043818734879745413e+00 1.510404091217086098e+01
6.555702184112117692e+00 1.605072429798548583e+01
6.583356081802135051e+00 1.565249123586142233e+01
6.849435620613355979e+00 1.558605333970759865e+01
6.204777938574591367e+00 1.569925603991901930e+01
6.716522540603139468e+00 1.514135459137292194e+01
6.361625058044645620e+00 1.614175287812108195e+01
5.700183332011718562e+00 1.738325885297887297e+01
5.718718830954296450e+00 1.606453333440795817e+01
5.133014600572922248e+00 1.570254454275190881e+01
5.840930282274572782e+00 1.538002645917924127e+01
4.998251164177029970e+00 1.519487666625498079e+01
6.014609813682636030e+00 1.483002909353052345e+01
5.457888538492613684e+00 1.507357546636565537e+01
6.599266159852266611e+00 1.622897810262906049e+01
6.848797654587158057e+00 1.549793214206416359e+01
5.295976842830643072e+00 1.612268752911264613e+01
5.000522433169649617e+00 1.707276590901024704e+01
6.193928441932408546e+00 1.489860969433034832e+01
5.834986196363835198e+00 1.535731719108525439e+01
5.714595437036438241e+00 1.662172919387472803e+01
5.583362557855647168e+00 1.596979681118403427e+01
6.120723981890095367e+00 1.628029716162588869e+01
6.304852913779415147e+00 1.694829960899305377e+01
6.753087062331083246e+00 1.655899630345335538e+01
6.170145519198746875e+00 1.565259044103353325e+01
6.021342309289065220e+00 1.583444761174258097e+01
6.320321088435680856e+00 1.614361349464962814e+01
6.526020124858772142e+00 1.681610658312296636e+01
5.670991212911286716e+00 1.569486726160880963e+01
4.755147476517970873e+00 1.587856018727974039e+01
6.134830722372151435e+00 1.672926452884147608e+01
7.243155158343198785e+00 1.587875731028698922e+01
6.462432331996438961e+00 1.640133750103082377e+01
5.328648932105481073e+00 1.615235347781027286e+01
5.485308632386017180e+00 1.669061344596238072e+01
7.044414095699234935e+00 1.504518139723821868e+01
5.119246030312762485e+00 1.669073402298129594e+01
4.949119080234221535e+00 1.631678485066903050e+01
6.343454311023219105e+00 1.574954494517145420e+01
6.478753223864042177e+00 1.467654087683675890e+01
5.303700691981251047e+00 1.583681234864356213e+01
4.825142473684575606e+00 1.522210610536602715e+01
5.670655207622218974e+00 1.602335113750575601e+01
5.735835298862905773e+00 1.593950555291709392e+01
5.526967776760078443e+00 1.659680982329838628e+01
6.724157022405344186e+00 1.664284827319791304e+01
5.527728899049877853e+00 1.563346192329559337e+01
6.117187323339432936e+00 1.615122988510681523e+01
5.822779659160143950e+00 1.716228181425226396e+01
6.045562183311893101e+00 1.657679321029324271e+01
6.153433877159649512e+00 1.601541554504583686e+01
6.080579011520457655e+00 1.606535329063601125e+01
5.232104901942979502e+00 1.679235380999147509e+01
6.518585896146492864e+00 1.674179422012405283e+01
5.497286827701127976e+00 1.617167064007331234e+01
5.298550001255499353e+00 1.630204628385879673e+01
6.760877413018535620e+00 1.505803683182028330e+01
5.710312580891383938e+00 1.575345443784870980e+01
6.189737142032966766e+00 1.724176104839276036e+01
6.634764533510043805e+00 1.595735901232007947e+01
6.044988392355280737e+00 1.571756334611678874e+01
5.982991125160573631e+00 1.701887474866054717e+01
6.394893850097498778e+00 1.684389088090853548e+01
6.318508271502949469e+00 1.551017185720860603e+01
6.676028935399745734e+00 1.723472036115305173e+01
5.103600947117255870e+00 1.559282322663788634e+01
7.241329048803429203e+00 1.545824290594765671e+01
5.697340906549123396e+00 1.647110270916876829e+01
6.909181189504380427e+00 1.553915825471457346e+01
6.819167477137003885e+00 1.486045301699972221e+01
5.332682772742480815e+00 1.650996027332491778e+01
5.094469110663458977e+00 1.682790246271375167e+01
6.257180702070067824e+00 1.501928428398808002e+01
5.467990062414584074e+00 1.605273520774692031e+01
5.356039278850499130e+00 1.640843503110829715e+01
6.072704519018258473e+00 1.702342293184991462e+01
5.756072812694486451e+00 1.644869844047973473e+01
5.661546345242822298e+00 1.555977646289053773e+01
5.613985852379099306e+00 1.472331868523863285e+01
5.686644680537568775e+00 1.535114809880632514e+01
5.707170193400884273e+00 1.710649329218152559e+01
6.240739934407121048e+00 1.519545065577067966e+01
6.613657444142914343e+00 1.664852265711352786e+01
6.289236713263993472e+00 1.715851475716736729e+01
4.861794991171660030e+00 1.647696835984769947e+01
5.727304225257954684e+00 1.534727529530073120e+01
5.886351869071869025e+00 1.698186303441651646e+01
6.758487736944483792e+00 1.625189330015691880e+01
4.936919976316367809e+00 1.615342661593067675e+01
7.054164154586016977e+00 1.545437819320856576e+01
5.766928253482799249e+00 1.506661096263550270e+01
6.142359102675857940e+00 1.620781895987332888e+01
5.749126202645982175e+00 1.601864265707867929e+01
6.715465480965095324e+00 1.681443105982744157e+01
6.357955968228015564e+00 1.611506847945322107e+01
6.453204738556118869e+00 1.508534897480234171e+01
5.770461820233014905e+00 1.733689860887603373e+01
5.883294776769410817e+00 1.708764258481535236e+01
7.243519259755040629e+00 1.599203612094764715e+01
7.020258745619636365e+00 1.526505231011785391e+01
6.829036022500815761e+00 1.709403810256213418e+01
5.719519835432776311e+00 1.678171799301433609e+01
5.794471604322778191e+00 1.559434375376429038e+01
4.674288002610439641e+00 1.623383974588025680e+01
5.834399052839594368e+00 1.650082486946478966e+01
5.184081295349447061e+00 1.545582921253688902e+01
6.556372826958003941e+00 1.499386052146686055e+01
6.633205685039745170e+00 1.486842271508555058e+01
6.135992878670588624e+00 1.548638121850390093e+01
6.294693695526527577e+00 1.504160681439612013e+01
4.968582670404874335e+00 1.579815750612868186e+01
6.601094200153048597e+00 1.526001608982923585e+01
5.935052698282144767e+00 1.596610213145510393e+01
7.075816576541024361e+00 1.695040200752751502e+01
5.237702785959980289e+00 1.493482845637393019e+01
6.722497194693085376e+00 1.531004631552118234e+01
6.056946283710493262e+00 1.674926551813216946e+01
7.034711318709289785e+00 1.599423807855962210e+01
6.665801706992136921e+00 1.558684283009927718e+01
6.144140352941033889e+00 1.487580453405738012e+01
5.276235933544842993e+00 1.516483155615769007e+01
5.008681450576054850e+00 1.564019538018428790e+01
6.022445182368234562e+00 1.645732403738843530e+01
6.093479990056017925e+00 1.646253424821564693e+01
7.156975251328228538e+00 1.649983290229716815e+01
6.286622692529522105e+00 1.666505243670331993e+01
5.789636323377295390e+00 1.525146645990732353e+01
5.876151232069553032e+00 1.569129868011200557e+01
6.205584304337332213e+00 1.731405276536327875e+01
4.785358380233462938e+00 1.540996228832945469e+01
7.434652151616492510e+00 1.608213879259482582e+01
5.096148838993108221e+00 1.610722603177081780e+01
7.115518241494867446e+00 1.657869790205652549e+01
5.381467217185743834e+00 1.635184167915034692e+01
6.310413924447800582e+00 1.609686546751196445e+01
5.810770491215905942e+00 1.617726812938918357e+01
6.953828834511318391e+00 1.513233721909061913e+01
6.246757986580687039e+00 1.573514262030979260e+01
6.625254044752264093e+00 1.664817520927951477e+01
6.963726832475897410e+00 1.622496121534654279e+01
6.517191376387224011e+00 1.658966388394819447e+01
5.943958680653181226e+00 1.594703797486442376e+01
7.133508666671877663e+00 1.516083465985998657e+01
6.449969035905926518e+00 1.473777325777115621e+01
6.460699365374760639e+00 1.656244820185895961e+01
6.427594421564404747e+00 1.615524719455862979e+01
4.899148146111189206e+00 1.649501383747352179e+01
6.472720384134422744e+00 1.641535968327828243e+01
6.544885403039729432e+00 1.656582985754567972e+01
5.456461749360787650e+00 1.477986563417384502e+01
5.664673571748013003e+00 1.529522163215690078e+01
5.847673579061790861e+00 1.696319223569505397e+01
5.954226168180645651e+00 1.547189860246046678e+01
5.685712943196116420e+00 1.629485118099341889e+01
6.055314914875103760e+00 1.562660659656206086e+01
6.392905185309238014e+00 1.597483974855242472e+01
6.783789843682991538e+00 1.581470568644647656e+01
6.309717486789919505e+00 1.663881792937838355e+01
5.233471752278164857e+00 1.534369192331712384e+01
5.637178275239882907e+00 1.683199996243316576e+01
6.969834297705911119e+00 1.633934791638918327e+01
5.973951787548814174e+00 1.503938403758976250e+01
5.379861751229436884e+00 1.549090139516648890e+01
5.618942373205312535e+00 1.565950494191535824e+01
4.878600217792304683e+00 1.633088975712582780e+01
5.891144964641618742e+00 1.555358847188800553e+01
6.815341198129360123e+00 1.567692730480152363e+01
4.870883046097979729e+00 1.673717681725061013e+01
5.831216426694736832e+00 1.625769002955471620e+01
6.197854710147110424e+00 1.557638890763286987e+01
5.738752051849635549e+00 1.655536776729828929e+01
7.434074670667122575e+00 1.639307702955311541e+01
6.713681546062969296e+00 1.650339418142068126e+01
6.164306905584885143e+00 1.587237361127486857e+01
5.063574635424121340e+00 1.641461935714739440e+01
6.361901229950186476e+00 1.539230670085762753e+01
5.022597249651783002e+00 1.562859272360720730e+01
5.029535276717894021e+00 1.502841388413530055e+01
4.713283036634930312e+00 1.577516455566466824e+01
6.697376486080283797e+00 1.666678601752114730e+01
6.653581130255756371e+00 1.629856262978078973e+01
6.894294725350511577e+00 1.604259019578038448e+01
5.067672722776763727e+00 1.598732283102401830e+01
5.174743410949211864e+00 1.717298863095995642e+01
5.038169714738409688e+00 1.524392399143577492e+01
7.282504067092570921e+00 1.596806220672309706e+01
6.646378376074164152e+00 1.582414097377981754e+01
7.058445458333332923e+00 1.622465423379212268e+01
5.523630093129738405e+00 1.700762714181199442e+01
6.421293397102489031e+00 1.538337751555910238e+01
5.964005037686436417e+00 1.632875703115873733e+01
6.086224478950905237e+00 1.653217235313483613e+01
5.473517587788688132e+00 1.721123897161998073e+01
6.798408875097758930e+00 1.493448732713742366e+01
6.745217920940779877e+00 1.534221209665310326e+01
5.664333372904048147e+00 1.648161541236601479e+01
7.449896324745731491e+00 1.596778043974875949e+01
5.586129774955184146e+00 1.606547587688163503e+01
6.893718643411417268e+00 1.567359066290577552e+01
7.176409482265048823e+00 1.615306480437180170e+01
6.827005171297195751e+00 1.531415806926803391e+01
5.699057323897176452e+00 1.661113700997318787e+01
7.126839797908899321e+00 1.641012370428092382e+01
7.184322654868927849e+00 1.624599110550548531e+01
6.588823572202791468e+00 1.681656162841655089e+01
6.080343152274215512e+00 1.451051149213512659e+01
6.432761868477296474e+00 1.599380628610914101e+01
5.142597170683438357e+00 1.550614364903930742e+01
6.737160216259233003e+00 1.570601225263070333e+01
5.438407011993719564e+00 1.575553558730565129e+01
5.696040714542843553e+00 1.665176361608921241e+01
5.739070053233723989e+00 1.664553476643358820e+01
5.403441264494833973e+00 1.684423872481581697e+01
4.857318747576533369e+00 1.645634791113267070e+01
7.055943940723683916e+00 1.563587879177159934e+01
4.956391745087297629e+00 1.589515956667672469e+01
5.735314254569736647e+00 1.745730217411604102e+01
5.769495888869112576e+00 1.662226780802713222e+01
5.851256163711923364e+00 1.652906007290570400e+01
5.912149640741570344e+00 1.642281129966408315e+01
5.924844935242512101e+00 1.468620164252773996e+01
5.275337948081601169e+00 1.577869411432650892e+01
7.113786402069998793e+00 1.534354424468902778e+01
5.015649778164057437e+00 1.640496368389491266e+01
7.092025441731183655e+00 1.572029578238815972e+01
6.063391058575731130e+00 1.519541531973298554e+01
6.917402737617266872e+00 1.610204903656981301e+01
6.006073242887421060e+00 1.659626731897904861e+01
5.942929950047266985e+00 1.689373443756706905e+01
4.809194644803581831e+00 1.596666241788705953e+01
6.247332076859955841e+00 1.673732003599220874e+01
6.617853108506359661e+00 1.562425348651112422e+01
6.530426865533400793e+00 1.595535150691922688e+01
6.496039171372396837e+00 1.577784950879224368e+01
6.266750898995093522e+00 1.597790375581024414e+01
6.995761992668191098e+00 1.571422358694156429e+01
6.919378133388307539e+00 1.595353731879757575e+01
5.005400757898098796e+00 1.677920950911356002e+01
5.905173957343852642e+00 1.615054505819513508e+01
6.097428922123409478e+00 1.532647948189542042e+01
4.768011294647565457e+00 1.575583420606882079e+01
5.005977844515022035e+00 1.575951729535625390e+01
5.677578440282767147e+00 1.533791970609548372e+01
6.118522115990161048e+00 1.624427900941459768e+01
5.464840014818340030e+00 1.721183206310017155e+01
7.378810864951624637e+00 1.628097682130785628e+01
5.748666784958825104e+00 1.472276932801261751e+01
6.603720248511187663e+00 1.520909304090133674e+01
6.902908584188466534e+00 1.541447467513363101e+01
6.398898169725744545e+00 1.591354004608276362e+01
6.070823172504074883e+00 1.733419176557121233e+01
4.862660624876606441e+00 1.587555335957493519e+01
6.439549506144218505e+00 1.574520171265742974e+01
5.777466866722811289e+00 1.539260006349962318e+01
6.895262857100084020e+00 1.626339886317101957e+01
6.633792851323894624e+00 1.575224803776919735e+01
6.061543311011816648e+00 1.575028466301257168e+01
6.124249703685441304e+00 1.521323203242971367e+01
4.933445884862846853e+00 1.643474542706296049e+01
7.442909279022832614e+00 1.627607025584878642e+01
5.604878524099390802e+00 1.727012417148530332e+01
6.129737844827524818e+00 1.663743302530548007e+01
5.034280638722536061e+00 1.605840061070250258e+01
5.338257994412617613e+00 1.618432110399752943e+01
5.080797911977079195e+00 1.510991043380093757e+01
6.523473327709683467e+00 1.582734684079101051e+01
5.382179289345942585e+00 1.601803748419929008e+01
4.856485561768669079e+00 1.586928434508889652e+01
6.247186044700173468e+00 1.641612482036996923e+01
6.886759543930882188e+00 1.700273211213858460e+01
4.972366396151718604e+00 1.559410420279290932e+01
6.957100615986125725e+00 1.562051157208568597e+01
6.586798409813258814e+00 1.484721144823819294e+01
5.077414685609724643e+00 1.572697358677174861e+01
6.078136415666030246e+00 1.549233140875599091e+01
5.811797467376783821e+00 1.556605408819225111e+01
7.166184115444867331e+00 1.633715694981081512e+01
5.603179174614247415e+00 1.708233695576209143e+01
7.392867439510719230e+00 1.628554799777492690e+01
7.203346435602909104e+00 1.522752843090959018e+01
5.327625074631876956e+00 1.583294399620372594e+01
6.927121300598660270e+00 1.502186886719564463e+01
6.720422178949960745e+00 1.677775175837884092e+01
6.252991457984475865e+00 1.742104104220826244e+01
1.714994032120972633e+01 6.647781676595644562e+00
1.621871958998308472e+01 6.846613471378710791e+00
1.776713269048596544e+01 8.664294499338593525e+00
1.827900274538376379e+01 7.499306721048038860e+00
1.690600409339359089e+01 7.589759171092540946e+00
1.798912407841008587e+01 7.015844454906668304e+00
1.781919106335637792e+01 7.410832176066247001e+00
1.677884753709992793e+01 8.180901567827579157e+00
1.581675466737328684e+01 7.620495247759292212e+00
1.726461411034109616e+01 8.286935408204834985e+00
1.711533735938917289e+01 7.799265966467398670e+00
1.813462972905881543e+01 7.606612214503675418e+00
1.830213115299108395e+01 7.775346189506242567e+00
1.749020846425669973e+01 8.557876421759571528e+00
1.717218123136824914e+01 9.429514357240092792e+00
1.685064526189956879e+01 7.300923088214029022e+00
1.751593202772471614e+01 7.078486095256563360e+00
1.832550807388861003e+01 7.480022574238294197e+00
1.729273063078534989e+01 7.983782606604720833e+00
1.603795448652646982e+01 7.907214998349993529e+00
1.687439400097242981e+01 7.941245455464098768e+00
1.655402005215750449e+01 7.181284212112307941e+00
1.663227314323547645e+01 7.282822729927041827e+00
1.704974628229478384e+01 7.973266076203064934e+00
1.711018825285612266e+01 7.794037048925905431e+00
1.626024388946308363e+01 8.496729219561160562e+00
1.673861594527924268e+01 8.031367726817695285e+00
1.651791683110772624e+01 6.937541129930675510e+00
1.720554912506075951e+01 7.973032402347618230e+00
1.757719859319844957e+01 8.024242471302295954e+00
1.769322144175330180e+01 7.299128160609167359e+00
1.755727800102108560e+01 9.193206229563141818e+00
1.798597160491395286e+01 8.344046853989416590e+00
1.752261779022124344e+01 8.563717808017393907e+00
1.572204168358291909e+01 8.750381918505777179e+00
1.612525247074737678e+01 8.301471531971223783e+00
1.701522212559741831e+01 6.560835911001142051e+00
1.682612106582768874e+01 7.219899091619761400e+00
1.669342445287801979e+01 7.771374913040600241e+00
1.738214529890561266e+01 7.949585371232997133e+00
1.776055371663595039e+01 8.897793493424165590e+00
1.590171539387757882e+01 7.828573685304239582e+00
1.733725362315755802e+01 8.752254793807736633e+00
1.679795210353342938e+01 7.206934984356473173e+00
1.613588310232806222e+01 7.409391833594407117e+00
1.599772362133428771e+01 8.099475501922078990e+00
1.671532326478413211e+01 9.459575426847424140e+00
1.644769611755550898e+01 9.149930172212824786e+00
1.774906488541051530e+01 8.083097291349028879e+00
1.694738934035293454e+01 8.779381342090305296e+00
1.701783277684701901e+01 8.674054392582283057e+00
1.760308212889864166e+01 8.418576423328564928e+00
1.647813027076278303e+01 7.507429398545553134e+00
1.744474792510090566e+01 8.489696740314553125e+00
1.755908830545491384e+01 8.506723512240549567e+00
1.630958154066167509e+01 8.629237160403951279e+00
1.565931929029108716e+01 7.979688107276732723e+00
1.707187591519852887e+01 7.020632936336336449e+00
1.690644860227659763e+01 9.048270317282373298e+00
1.615514430030973614e+01 8.508535726069434091e+00
1.768926536419404272e+01 7.811520151769438591e+00
1.558826004180369651e+01 8.262661574939958342e+00
1.654480280117264002e+01 7.526120856869467524e+00
1.730549086315446417e+01 7.313729251751864169e+00
1.708419226087518794e+01 7.824139492375778104e+00
1.666524739280033884e+01 8.132597661954381607e+00
1.115031317503383690e+01 3.970795331357448443e+00
1.045884469331384459e+01 3.630125338232808474e+00
1.030104529856119377e+01 4.535039064071637149e+00
9.905690471631904970e+00 4.404152874092707393e+00
1.011499271482948181e+01 2.692367532771572591e+00
1.077303712096159671e+01 4.109538185550018596e+00
1.002536365455150325e+01 2.614366522564067097e+00
9.109332300481701949e+00 4.759654571313743254e+00
1.072091701952577480e+01 3.378931173837431690e+00
9.889277262755518549e+00 4.096886186041772682e+00
9.794143132782311412e+00 5.436516871680943552e+00
9.641190456008514431e+00 2.978790331384000289e+00
1.011960513063757894e+01 3.347220434073107320e+00
9.975483666216872436e+00 3.838870546993829791e+00
9.465755888899522574e+00 3.048408046299048824e+00
9.878377229040170349e+00 3.272707672431861781e+00
1.020535091881419554e+01 4.633918872196511884e+00
8.800104305647755254e+00 3.771784310602257495e+00
1.072755015491918940e+01 4.103887007524773978e+00
8.788165711735169694e+00 4.696384735555206191e+00
1.022186019615572583e+01 3.369161267747013522e+00
9.819779516332323155e+00 3.322811716030985352e+00
1.011477380546038773e+01 2.962104883512640896e+00
9.070220114509218945e+00 3.572560325797507819e+00
1.006857768897738481e+01 3.787780144805446003e+00
9.446162019909147389e+00 2.816427865630513061e+00
1.110040847995363933e+01 3.849897131851759635e+00
1.040309424272725991e+01 3.941422357974455615e+00
1.045437933282152976e+01 3.917382579258057440e+00
1.017738962607406883e+01 3.914718343748493368e+00
9.413085913356017187e+00 4.655796560316624699e+00
9.278037523243312990e+00 3.247659670538784571e+00
9.513917524110292234e+00 3.125486420115451303e+00
8.915609896912064514e+00 4.575077312398970975e+00
9.513352605159555608e+00 3.856927085846110437e+00
9.413246466855254013e+00 5.252063592727078678e+00
1.013031862095925817e+01 4.877724963628481625e+00
1.006415636320777551e+01 2.720481494868332906e+00
1.045601654785834711e+01 2.809363943642221528e+00
9.870438386262216923e+00 3.418146999936721997e+00
8.896003933943415376e+00 4.833505991046524564e+00
9.725783796536374481e+00 4.364988958901755645e+00
1.082559732844604916e+01 4.518855552348504112e+00
1.092944478907502592e+01 3.091491923250881513e+00
9.803119633214391726e+00 4.978532639812319083e+00
8.947195164960207947e+00 4.027207912835796044e+00
1.055729497496211344e+01 4.306131073192879910e+00
1.046562029300562990e+01 3.756991863806669496e+00
8.883774521638581945e+00 3.548219960498900871e+00
1.059963132489357029e+01 2.782998562878446158e+00
9.344566276716985698e+00 3.590873250984979670e+00
9.917677955280428392e+00 4.538541800851040975e+00
1.090474534224201975e+01 4.614810741265230831e+00
1.045522357037659944e+01 4.711626514449345215e+00
9.559459111077666549e+00 3.640772316601982972e+00
9.155192386944328575e+00 3.594591847532731421e+00
9.409000497709140376e+00 4.360640110601710084e+00
9.464708729397093734e+00 4.779959195249428916e+00
1.012175669231960562e+01 4.939134319947590335e+00
1.089469380331033577e+01 2.987649807383875533e+00
9.906547738672244918e+00 3.606802572070819668e+00
9.866148778103516648e+00 3.750098150686328680e+00
1.006439068342668008e+01 3.981155950967004920e+00
1.024257163553162542e+01 4.676710528272037593e+00
9.044167788942905517e+00 4.174628224090049855e+00
9.646188542968062052e+00 2.963728777335612907e+00
8.600460699835620559e+00 4.193330579244577194e+00
1.041837398326131670e+01 3.601198347930095522e+00
9.528966664212683568e+00 2.935465036509258940e+00
9.576936784651971735e+00 2.750583205021501776e+00
9.550240853327908397e+00 4.523782121413342239e+00
1.123607151918390556e+01 4.209497921166877710e+00
1.119399923656496831e+01 3.401010161490590544e+00
1.088655357436266691e+01 3.838523276373404958e+00
1.123928529169269019e+01 3.582879243188677787e+00
8.638876883331601420e+00 4.592802705255254914e+00
9.383426966552377735e+00 2.936263602998735678e+00
1.092693289348287955e+01 3.185695307251913633e+00
1.008047381080105964e+01 5.114657168329504344e+00
9.916862413332856008e+00 3.292332510408913837e+00
9.182578613030770498e+00 3.950076383717743944e+00
1.043667313610249536e+01 4.883589289217889373e+00
1.019588028189400575e+01 2.897689592287420624e+00
8.922814116206740920e+00 4.601187260810249313e+00
1.008081111788235340e+01 4.289306372412606372e+00
9.700014924798166405e+00 4.550220601374998175e+00
1.017917566884350222e+01 4.668453501535738681e+00
1.077686195147139081e+01 3.667085635892248341e+00
1.078501352260849444e+01 4.239526330218390981e+00
9.067680864579775957e+00 3.493170817068846468e+00
1.053066715967397116e+01 2.639335567069611699e+00
1.122737132675240801e+01 4.441356249749545348e+00
9.994349405957690280e+00 4.514188074044091614e+00
9.984098224067221139e+00 3.571859851520572615e+00
1.093477732902285915e+01 3.091014432272779722e+00
1.004070050396354929e+01 3.171808334455611611e+00
9.131516037689094034e+00 3.881556548219787572e+00
1.105024039456068152e+01 3.247503741184273540e+00
1.017285728626992203e+01 3.210220702997466091e+00
1.021963417834565924e+01 4.716513183025692335e+00
9.163174806472280665e+00 4.256025325428131723e+00
1.050811031835473486e+01 4.107812086180647526e+00
9.224001359139277767e+00 4.056117994923051917e+00
1.117362554710123845e+01 4.544572350739220390e+00
1.029935856097748115e+01 4.269964654001179305e+00
1.063618001857545536e+01 4.238095333304931600e+00
9.447935529264292143e+00 4.594837756799877049e+00
8.826020782989793645e+00 3.425627941844320290e+00
8.566087254307014121e+00 4.117620693622915162e+00
